01110011000110001011111000100010001101110100111110000101000011110011011011111111010100111110001100001010111110011101111010101100100101110001010010101100000010011011101000101000110111011100000101000001
00100110111110101001001010010010111100100001111010101101110011011110011000101000100111011000100010010110111000000100001110001000100101011110100100110111110100100111000010010111010011101011010111101110
00101110100101000101101000001000100111001100000010101001000101010000000011001100000110110001001110111000101111111001100000110111010000111010100110111000110110011011010111011101011101001110000110010011
11000010111000101110101010111110110100101000110100100100010101001011110111000111100111001111010110111100011111000111011101111010110100000011001110010101011110111011010101001101110110000101001100000000
00111011011100110011010110100001101111011000110111110101010110111110001111000000101100101110000100111010101110100010101001110001111000100010111011100111001101001101011001011001001001010100110111010101
00011010111011011110110001011011011101011100011010000110110100101100010010011000100100000110100111010000010111111110110001100011001100000110110101110000101101110011110110010101010100010010101010011111
00101111000011111000001110001001100011000110010010000000011011010000000100000001110010110011100010100010010011001101011101111000100100101000101011100100010010110000110010010010011101011100010010000111
00101000111111010010011011101010001000101000011110111000010010001001010111111001000110101100011011111101001111010000001010001111100010101001100110111011011101101111011000010000101010011010010000111111
11001010000010101011100100011001111010110010110001000111101101010010111111110111001111101000101000110001111101001001111000101011110110001010111100010011111011010101000110110011010110011000001100000011
11100010100001001110101010010000001011011111010010101000011110110011000000010110000000010111101110110100100010001111101001111001110001000010100011001010100111100110000101001010001111101000010001010101
11000001100110111000111011111010101111101001110000001011111000010100100000100111110110111001100000101000000100001111101110000000101101100011010011000010001110100110011001101010111000101101110001000110
10010011011010100010101100110110101011101110011011100011101100011101100101101010101010010000111010100000010101000110010101101110001011110000101000100110100110000111111111101000111111101100111101100001
00010111011000000010000100011110000100000011001100011101010111000010100010110010001111110011100011010111100110001101111010101100101101011110101101111110101000010100110000000000111110110010101010100010
00110011101100100111001000111110110111101111101010000001001001111010111000000010100010110011111110100111101010111010001110101011001110101100001001100100101100011110000111100101101100111001001100101101
00000000011110001001000001000111001001111100111100110010010000101000111011010100000111100111110111100100010011000101001001101000001111010011101101000110100111000101011101011010001001010001101100001010
01111111110001001001100100111011101010101000110000001101110010001110100001111110000111001011000100111101001111101101111110010010100001000000000101010010011101100011100101110100100100100110010000101010
00101000100010111011100001100101000111000101110101001101111011111011001100100000010000100010110110111101000001100011111111001110111110000011110011000101001100000101001100111110001001011010001001100100
01000110101110111111011001101011001100011101111011001101100110101001110010000110110110100111000011010000111101111110110101000111100110101101011100111000100100100011111100101100111010010111011010011010
00001111000101100110011110000110010110011001111001111111111010000110011100001000011100000101101011110111011110010010011101011101110000001000001110110011010101000110000001010011111101100001111111011000
10110000000011010100010000001110000101000011110101001010100100000000010101111000110001101010101111101111011011111000100000001100110011110101111000000111001111111110001111001111111100011100011100000000
00110101010101110010011000110001100101111111111100101011111001010111010001000100101000001000010000000000010000110010011100110010001101011011000001101101000100000000001011100010001111010001001100101011
01101110101111100001101111011100101110000001011001000011110110011111010100001001011011101100111001010010111010000110010001010100101011010110010100010011001100110001001100011110110001101000001000111000
11000111101101011110110111101001010101101100000101100101101000011101001111110010000010010001100110000101101110110111110101101000011100111000011001000111001100001010110000111010011010001011100101100011
10110110010000001000010011010110100101111000111101100000101000101011101101100111010111011100110100011101011010111101011011010001100011001110101000010011110000010010110010001101110001110001101001110000
11111100110100101000111010111011110010111011010101011111001111001011101101011110111110100100001100000110110010111000110011110010000100101101000111111001011111100100101001011010101101111001010100011111
11111100111101111101001011011110110101010111011011010110101011010101001101010111110110100110000110110010101100100010110111001100001010000101110000101111100011111000010010101100111111111001100110001101
00010111011001000111010011101010001110010101011100011000001101010010010001111010100100110011110011001110001110100011101101010010110101010001000001111001111010101101111000001101000011001100010001011101
01011001000000100010110100001101010110100001011001001110001111001011110011101111011010110000010100010001111001100101100101101011110111101010000010011000111011011011011111010010110000100101101001101110
10010110110011110011100110011111100001110010001001100100000010010011110011000100011011100000000111110101010100111111010111010011111110111010101110110000011010001011101000011010000011100101111011000110
11010000110100001100000010111010011100111111001010101010010010100010011010000100100110100010001110110011110100111000001010100111001001100101100101001100100101011100010010011100001101000000010100010001
11000011000001000001011101010010011001101010111100011100001010110011111111011110110000101000111011011110100001001001110100010010010000100111110010100010010111110101101111010110110100100011100000111111
10101111010000010010001000101111100001100101101100110100001100001100011011001000110001000101100001001010011110010111000010100010110000101010001100011100101001000100110010100111011110001000000000110001
10011010100111100011111100101111101000101001001100001100101011011100011000110010001001111000010011111101101101000000001010111010011010101101100011101011000010011101110100111101101100011000010100011110
00111101111110001100001101101000111101100010001001110010001000110001100100100011100100000000001100011001001110100001110111110000000011000110010100010001100001111011101111100001110011010110111011010101
00000110111001000110100101011101111110111010111010101111001010001001101110011110110000010011111010101001000010101100110100101000101010000101111000010000011000001110111000001001001010010001001110111000
01000101001011011101110000011011101100110111001110110001110111001000000111011100110010110010111100010000000010010011111011011010010100000001001111111000010000000110000101110100100111000000111011000010
01001100100000100111011001111100011111001011011100110011001000110001111011001111100101101101000101101111110111000100111101110111100110000111111011100011111000101000111010001011011010000110011100001010
00000111010100001010110110011110000011111110001101100000110110101111001011100001000110101111000100110000000010111110111100011000010101000010100110011101001101000001110011001111101110111001100110000100
10011101000110001101101110111010000001110111100111001111000001111011001101000000001001000000010010001111000011000011010011000100111010100111111011011101011001101110000010111001111011100100101001101001
10010010000011010010011100110010001111010111000100000001001011110101101000100101011001011010110000001000100011011001010010111101101100110110000110011100000111000100001100101100010000000101111101110011
11010101001111101111111000100000001000110010110101000001101011001110101111101011100100010111010111011001001111001011111101100001010000110100111001010010100111111000100011100010010100110001110101110000
01101101101111110101111110100000111111101001001011111101001100011101011001010001001100101011010100101010100011111010010010001000010101011001001101110011000111100001101001100110001010100100000001001111
10001100101011111000011010100000011000011111001010110101111111010011100101101101010100110011000001000101011000000100110011001011000011111100001000001011000100101101100111010010000101010011100101011101
01111000010000110001011001000010010001101110101001110001000000010001011101111111001010101000101011010101001011010001100100000010001100011101111000101110111001000001111000100101011001101001110010111101
00010111010111000111001100111101001101110001111101010111011111110000000001111011101110110010011110101011111010100010001111001100000100111110110101100100101100000001011100001000111100011110000111111011
10100010001111001000000011101101100101111101011101010111000001001000100110101101100110001001110110110101100101100110100010000010100100110000010101101010111000000111101101000111011010110101000001001100
11100110010101110000111101110011001110111011000001111111101111001010011110001101010101110100000010101101111000101011101000011000000010001000111111110101000111010101010101110010001011110001100000010011
00001011110011000100110001101100111101111001111110111100001110111011111010100000110001010100100000110010001101001010110000010100001100001100100100111000011110110000001001100000000011100111001111110010
10100101000101101001101101101100101100011010100010011001010110001000000100001001010011001001000000010100110001000100001110111101000111100101010000100111111100010000010101000011101000011101011010001011
01011010110011001100101001010111001110011110100100001110110010001010000111100011111010010010110111001111100010011101111110100000101011111111101001101101001110110100011111110100101000010011010010110110
11001111001101001110110100011000001011101101010001110010011110110110101100101100010010110001011110010100001110011100111111010110111000110110100001110101000000011001001001010100111011011110100001010110
01001001111111001101011010110110011110010000100101011100110001010001101110001010110100100000000111011100000101011111111110110100011111000110101010001000000001101110001110111110101101110010100001000000
00101111100011011110110111100000100000001000100011111110001101000011011100101100101111100110101100101100110111011000110100110001001011011001110001001111111111101101010111000110111010001010101100110101
10100011100111010110101110110110111011111010100111011010001001010100011000100110001110110100100011000010011001011101000011001100101100100011001100011101010111011110101101101110100111001000001111100010
10101001010111000011110011001010101010001010100111010110100100010100100000101100000010101110000000111110101010101101101110110111000110010010111111110011110100001001100111101010000011110101101100111001
00001111101101000110000010110000010101101100100101111111111101100011001000100100010011011011011101101101011000000110111110111001011011110010000111101100011010001001100000010001000010010000100100110110
11000000101111111101010000101001010011100011111011000001110100001110110110011111100010001000000101100000011110010110100010011101110100000000010010000000001011010000011100111000101011001100101100001111
00100100010110000011111010010001001101001111111100101001011101000110001011011110010110000001011101001011011111011010011110110110010000100111110001001111010110100000101011100010011011111100100010101110
01011001101000011111101111100010100101100010011011110110110011011010001111101010001100001011101100110011001101100000111101011010111111000110010011000011011101001110001111010001110100111010100101000111
01001101010101011101011101111000101110100000110010101000011001000010110001011110110100000101001101010010010111011101010010100101011100010101101011100110010100100001101110100000001010100110011000110001
11100100101010011111011110101001101101110011001101000100001001100110001100001111011110001110000011111000100100111000101101111000001101110101000110001100110011001100001011011100111000101111000001111010
10000100100111100010111111010011101000011111100101001110101010000100111001001101100000011100001110011111100110010011111001011000010011110011011001110100001011101100100111001011111011011000010000001000
11001011001110110010010110001011000000010001001111001100100010100111101010011100100100101011100010000110001101001110000111110011100000111100011001100100101000001111010110010000100000100000011010110000
01110100100101000011001000001000000000101011001110000100001110000101010010000010110000101000011001001011011110100111010111111010100001000000100011000010101110110100001010101011000001011011000001001101
10111000010000000010001010011110100010001111000101001100010001110101111011011010100100011011111011100101001011101011010011100010101000010110001000000100111110011100011101101001000000110001110010001000
11101011011011000011000110110011111011010110100001011101010100111101010011100101001111101110100100110001000001011011001100100110001100000111111111011001110110011010010110010111110110110001010000111111
00111111101001110110010100010110010101011111101110000110011101011011000011001001010101100100101100001011111101111000111010011101110110000100001001111001100110110000101111001111000010110110001010010001
00110001110011000111010101000101011011010000000111010101010000011010001001110001010100010110000010110000100000100011001010010000000101000101010111000111101100100010001111011110101011010110101001010010
01111010011110100000001010110000010011111100011110010111101010101001001110101011011101010110000010100100110000011000111010001110100001111100010111000100010110000011001000000101000100011111011010110001
00101000011111101111001110011000100010000111000000100011101000111000000100001100011101110111100101010010001101101111110011010110101011111011111001101101001010001110010101100101010101010000110010001010
01001001111110011001100011101010010110101001111111101000100011010111111111110101111110100111001010010000010000101101011010010100111110000100111101101110111010111010111111110011111000100000100011011011
10100011111000011101010110001101100001011100100000101011001111101110000001010110111110000100010101100011110001011010000011101001101110010011011001100101001000101011011100010000011000101010010100110110
11111001000001100011000010111110001110010000000110000101010100110000101110110001110101011110111011000000011111001111010100111011110011101011111001000111100010101110001001000000001111011011000100110000
11110011000010000110110010111111000111010010101100101100001001011010110010001101101010111101001001010000111011010100011011000011111110000011110110001111001011111010011110000100000010111110001011100100
00100101111101010110001111110010100001110110010110111111100110010110011001110011000010000111101100000001001100001111000011111101000001100100011110110101010010110001111010111010001100101101100011110101
01001101011101100000011110110101100000101011011011101111101101101011010100100010101010000100011100101111110111010001110111011110100100101001000010011010011111001011111010100001001000111110000110001101
10001011111010011100100101001010010111110101101001111010110100001011001111111001110111001010100010001110100000101011100010011001011011100000010010000111010110110100010101000101100110000111001100111010
00010111110110001101100011011101111001110001111101111110000100011011101101101000101000000100101101101000101100011010011101001000111011101011000100111011101100101001010111110100101001101000001110000010
00000110000110001000100101110000101011001110111010000000110011111111101110111100011011111111111010010101011010001011100101111000101000000000101000011111101110001011001110000111000010000110010110100001
00101000000110011001010010000001011100110001000010011111000000001010000100100011110010000001111011011101100000101001110000011000110101011110100110101000110000101000011000001001100111011110010111100011
10101000100000111000010000101100010010010001001011010110000101000101011101011001010010111010110101101000111111100100010111000010011111000101010111100111010001100010110110011101101001011011001001011000
10010101001110000001110111110011111100001110101000000010100111100011001101101100111111011000010001110111110000001011101000101011111100010011100101110111100110000111101110110001101101110101110101000011
01001101010000001100100100010111111101011100101010101011010001101000100010111111101010111000101101000010010111110110101000110001100100101110010011000001011010010000001011010010001111001100001110000111
01101110011101011010011100111000101010101100110000010110001111010000011100101010001010000010010101111111101101010100000111111110111110110001111001110010110000010110101000101010011011000110100011010011
11010010010011001100000111011110001000110100011111101010111010100111010001111011110000000111001110011100100101001010111001010001001111011101100011000101110110001111100111010001100111010011101011011100
01111011111101110000101111001111101110101001011100110110100011011101010010000000001110111100111010011010101101000100010101000011000010010111011111111011111011010000011111010111110000101100110001001010
01010110011110100111011110000101001000011110000010101110110011101100011111111000101010110111100010101110001001000101001010010010011101011000110110110010011010100000111100101101100111111101111100100010
01100010000010000001100001110101100110001100110010111110010000100100000001011110101001111010111101111101110100110100011001011111100011100110000110100010001100010100100100101011000100110001001100000000
00101001000011010101011000100000010100000111010010011101011100001001111111111111010000011000010000010100000100011101011001011010101000000010111100001101111111001000101110111010010101101000100000110010
01001001111011011101101101000011111101111111001011000110001110010111001001100111010101111111111000111000101111111110010111001010010010000010011000101011000000111101001010000100011111100110100100100010
11010001100001110100010001010100101001100011100101001011110001000000010110001011101110111101001100110101110101100000001110110001111000000010110011101110000100101100111010011000001000010000111010011011
01001001111110100101000110111011001011011010111000100001100100111101000101111011111000000010011000110110010011101001011001101110011010100101111010111101000000111011111101110111101100010001100001001001
00010011001011000110111111001100111111101110010011110011101111010100011110010111111110000110100011011110100001110001011010101000101111011110011110001100001101110110011001110110101101101111101001010100
11001000011100111100111010111111111000001011001011111001011100110111000000010110011001010000001010111110010000100111100110010110111101100100111101011101000011100010101101001100111110000001111100111101
00111010001000001111101011110000010010110011011101110110000001000110000010101101111100101010100101000000100010011010111111001010001100010000100011000100111001101001001001000111111011010010010001100111
10000111110010011011110000011010101011110000010101001010100110011100111111010110100110010010100111011000011111101011100100110010100011111011011110010011111110100011011000100101101011001100101001111101
11000000000010010110011110011001001011000001111010111110000010110011111100111010000111011101011100101001101011011101101001000101000101101001110011110101000100011110001110111011110101111001110000101011
00011101110001110000001000010110110010011000001100111010101011000110011111011111001001100110000111010001110111010011111110010110010010110101101010100011000011001110111010001000010101001110010111010111
10011011001100001001101111010101000000001010100110001110100111110001100001000001101011100000011011100101101101011111011111100100110011001100111101110011000000110110000101111010101101101011111010100011
10000011001000100011011010110100010100011110011101010100110000100011001100111000101110000001100111110101000101000101111001001010001100010011001110100010000000011101111110101000101001011100010000101101
00101110100110001100111000110101001100100111011000011011100110100101010111000010001101000011110100111110111010010011100110011011001001010100001000011111100001101100100000001100100011101101100110001110
11000101011111100010111101111100011111011100101010010001000010001000110010000111001001011100110010111001110100101111101101011010101001100001011001010000010101000001001101000100110110001001001110001000
11001111100000111010010010001111101001000000001000100100100110000011100010011000000111101011000101111100110110110101101110010000111000111100010100010100100010001111110101001100101111011101001001001101
00111000001011110000111001101110100001101001110011001110010010001100011001000010101011110100011010110101100110010001111110001011111011110011011100000011001000110110001001100011111111000011001000000101
10011110110001011010101100110100011010011001001001000100101110111101100111110111000000011100110001000011100110011101101010101111100111000101110110011011001000101000100110000100111101101111011111111000
00110010101110111000010000001011011001100010011010011100011010000000000101101010001100001111010110011100111011100010001100001110010011010100000000010011000010000000111110011111011010010111101010011100
00100111101001111000010101010010100101111000010001010011100000010110110000001101110100111101110000101110111011000001110011101000001001011000011011100000010000010011100000010010010110010111010101011010
11001110000000110011100100010100100010111000011100101011101000111011001110000011010010111001011011010110110000100011011011110010110001001100011101101001000110010000011001100101100111111010100010011110
11111110010010010011101100000110101101000111100111010001111110001101010110010000110001101110001010000101110101100011100001001100001000011011111010001110111111111011000110111101110111101010101111001110
00010110100000001011110100110111110010110001100100111001100110011111000110001101011101000000100001001011000011101010101010110100111010110010011011001110110100111110000111010111011010010111011010001010
10000001110000011111011100011101011100010101000110111101101001011111100001011111110100111000001111110001000100000101011110010100011011110011011001111101011101000001100001000010100010010110100110111100
11001101111001011101110011010001100100001101110100110101010001110100000000011101110000001010010111010101101100000010010101100100101100100100011111100110010010001010100000111111000110011110011111000101
00101110111011111110101111001111110001111010010101101000010111011010000001000101011001101110101001011000110100001001001000001110111001010000111101111100110100110001110011110011101010110100011100001000
11111110000110000011010110111101110000011110101111010010000001001011101111110000011110010000111000000110000111110000011101101001110011011111111011110010101001011101001100101001001000110001100100010001
00100111111110001010001111001010000110111001111101001000001001101100110101111101100111101100100110010000011000010011100101011100101110011100110111001010111100010111001000101000010001111011001000000011
11010000101000111110001101101000011100000111110010111111000101101001011001110001111010111010011111111010001010011011110000100001110111000110101001100101110001001001100100010101000110101110011001101111
00010001100000100111011010110100100100010001100010010011001100011010001111110000100001000000011010101101110111001011101100111100101111000010101001100100010101101000010001010011100010001111100010111101
00110100101011101001011011001011101100000100100011110001000101010110101100000010011000011101010110111110110001010111111110010110001110111100001000010001110010000001000010001111011100001111111111000001
10001111110111001010001011111011001011101010010000001101111000110010000011001110111010000000011101110011011100011000000000110001101000011001010010010101001011001100100111101100100110111100101001001110
11010101101101000110010101111110000101001010000000100111111111101100100010101011100100101000010010001100000001111011101011001110111101111111010111111110100000000110100010110011000101010010100110001010
01110100011100011110011101001101100111001100110010101101111100010111111000010101111100001111111010100000101000000110111110100000001010000001110000001000010001101011010110010110101000110000111000111100
00001111111110100111101001001100111000110110000111111010001111010000001011101101100111000110101011011111000001011010001110000000101011101111001111001110010000011011100000101001001101000010001011000000
11100001000111000101000101100111010000100001011111011011001000000101011100001000110010101100110010101001001000001111110001110110011011000100110100110110000101000100011100111011010100110011101110000001
10011101101111010110011011101000110111011110000111000101111011011110011110011010100001011010101101000111110010111111100100101011111011010111000000010110001010010000100101110100100101100011001110110000
00100101101011101010011111101110010111111110010110100010011000001011000001011000010001111010100111101001111010000011101000011110101011111101110001000101111100011111011000011001111011011110011010101010
11001011000110100010110101111101010000110111100000000010011001001011100000001100100100110010110101100111010111000000101101011101100100101101101101001000100110011010011111000110100101011011111001100100
00100110101100000111110101101100000111011110011100010111010010110110101000110110110000111001010011110101011001001101101101111101101100001101001110110101111000010101000100110100101011111111001010011000
11111110000001010111010010111001100011000010110111011111110111010110000001001000111110111110000011001011010001101011011001011001010110111111000110011111101011110110110100111110111000110001000110100110
10111101101100000111101000111010110100110100111100011100011011001011010010010011010100001100101010000001111100101001000111101111111111000010111001000101000101010000001010111010110010010101010001100011
10100110111110010111010011110001110011110100000111001010001011000101011101011001100010101011110000011000101000010010000000100011011011101110010010101010111010110010110001110001010111110001100010101100
01101010100101011010111000010001010010011000101100101000010111101011100000000100101001101000010011111011101100100001100000100011101001100011011111100111010100111000110110010111001111001111010111101111
10111101011000100011100011011010010010010011100100101011101100010101111010111010000110001000110100000111111101100001000011010111101101110100110011000110100111111110110111110110000100011010111011011101
01010001101010101110011011001100111100110111001011000010111010001011010011010001110101010110111011110100110011000011011000010100000111101010110010011101101010100001110111010101000110011100000010101111
11100000110010000000110011110110111100011111000111110001101010001000100101110011101101111111000111010001101001110001110011001010110011010101011011101010110010011001101100100110000011101001000110000111
10101001011010101101001011110000001100111101001100100100100111000001101011111011110011010001100001010111110001111101111111100110011111001000011000101000000101010111100100011111110011101101101010001011
11111011100011110101111011101100101110010011001010110100110001111100011111101111110101101000011010101001101011001111100001100000110101110110000010111001000010101001000000011100100000011001110001111000
11000100001111111111110001101000010010111011011111110101101111110001100011100000110011010000010110001101010101010110101001111101111000010111101010011100111001101100111011110011100000110111100011011101
01100011111111011000011110010000101000011110000110001101010010111000111110100101011000000011000001111010011101010100000100100010010100000010010110111001011000000111000110111100001000100101110011001001
11000000110010011001101000000000101110001000010110111100000001011111111011101011011010100000101001000010101110000101111111001110000110100001111011000110010010000011010010100010110001001101110110100000
00001101011000011010011000001010100000010010011000100001010100010010110001101101111100111111000011111100000110011000110101001001000111101111101101001011000010011000010011101010000000000000110000010010
01100110010001101010101100111100100110011111001111110001000101001100101100101001000001110010101001110101010011101010111001110010010101111101100110110111010001110011100000000101110010001110010110010000
01111111111010100100101001001010000111111111001001001101110100100001001110010101000100001110100111001001100001110100111101111011011001001000110101110110110011110100101100000001110110100010000101011100
11110101111110100000100010001000110000000001110111010001010000011010110010100000001000010101100000101100000111000011011000001001011010000000110111010100101001101111101001111111111100001001110010110011
01100110111100011100011101001100101010010010100011001010010100001010011010011100100000111010100001111001011000000101011010110000011100100111100110101000010110101110110101100001011110000110011101001000
11011000001001111011110110010101110110011101100011001100000100011110111010110010111001110001100001100100001010110110100000001000110010010000011000111001110100001000000111101010011010111110010100100110
10111100000010111111011111101010011110111010001101010100110100000011101111010100101011001101110000101010011100011011001000110100111110000100100100111010110111000101111001011101101110010101100100010110
11001011111110110101000011110101100001101000101101010010111101000000011101101101001111000100010000101100011101001110111111010110100001000100101010110000010000010111010000000000001110000101010001001110
00110100100110101111010010010011110011110100101010110011111001111001001101111110011101101001100011100101001000000100110011011001101111110100100001010100011100110000010001110110101010100111100100111010
10001011001000100111110010101110000000001001010110111010101101001111100100110110111111011111110101001001101000100100101101110000000001011000111111101101101000011000000100010110001111010001101110011011
10101101101000000110011011011010010101001101011100000000101101001100110010111100101000000001011001100000011000111101100010001010111001001000110100010101110111011111111110110000101111001101010111110101
11001010110111010010001011101110110111101110000010110110110010001111101000001000011100101111100100111010000011001001100000001011000011101000110010001010101011110101111100110001000110111001010100100101
10110010010001011000101000101110000110111001000111110111011100111010110101011000011110110111010001101101001011001000101001011001111001101100100101100011101101001110011010110010100000110100100111011011
01110001010111000111011101001001110101101100000100011100011001011101001010001010100011000100010001110110001111001001101101110001110011010010000011101101110011110110110110101011000101011100100011000000
00101000001101000100111011001111010111001110000000101110110000001000100000001100110100100101000001011101101010100111000101100111001101110000100010110101100011010010101000111001100110010000111111001100
01111011011111110011111000011000110010010101111000111000010010110001001011000111001001010010001100110011001001010000110011000110111111101110001011001001011111110001101000100110001110000010110100110111
00111001111011110001000010001001111110100100001101000101010101000101000011011001101111111001010101111000110000010011110111111110011010001111100101110001001111101010010101111000001011000000011110010001
00111100010000100100110000001001001010101100000011111110101100000000011001001001110111010100110000111111011010000101110010000000100111110011010111100010010000110000110100001101000101101101011110011101
00111011111111110011111010011001110010011110100111101011001000001000000110100011000110000000100100000100010100010101010001111110000111001101000011101110000010111110011001000100010000011111000011110100
00110011010111100101101111011010001001111011111010100101011010110010011111111100110101010100010011010011011011001111001000111101100011000001011111100011011011100010000000000001001010111001110101011000
01100010111011011010110100010001000001010111010010010001010010010010100010010001011111110010001001000111010100100001100111100001110000000001001110001001001011110011111101000011000100001010011000011111
01000111011001111110000001000001000010011011110011101100011100100100100011100011000011000100110010101010101010011010110111010011100000111101101101001100110011010000011001000111101000010000111000110001
00001110100110111010011001100101001111111111011110100011110101000101111001110100010000111101101000110110011101100000111101110111111101111111011011010001010111011111000011110111111100010000001001111111
10101010111100001010100000011000001101010101001010001011000111110110000010000101000010110000110100011111100011000000111100101110001100100101111101011001010000011000110011011010000010101101110100110101
10101001001111111110000001101110101101010101100000011111111101100000001110000110110011010101000011001110010100001001111001010011000001001111100101001111010011111010111111100110001001001100001001010011
00000100101110011000111000101001011111101001111010101010100011101100101110110110001001111011101100111101000100100001100000101100111100001000101110111111010111001001010101010011101110000110100011000011
11010000100001010101101000101001000000110110101101000101000110011101111110011110100110010101011110000111010010111001010110100110100001011010110110110111101011111100110011111001110010100101000010001101
10000001101111011010000101111101111000101110110001001010101111001000111010010000010011111101001011110101001111110001110010110101100001100110111000000010110011001010100110010110001111110100111010100000
10111000111001010110110011110001101111100000011000101011001101010100000001111011000000111100111111011100000100000100011110010010100100000010101001001010000010010110100011110101000010011001111101101100
01011111100001001011101100110010101110010000101100100001101111110000010111100000111000100100111100001010111011011111101000001011000011010010000011010010011010010111001001110111111001111110001101101010
00000111110010010101101010110110100011110100100101001111011110010100010110100011110111100100011001000100010111101101101011000001111111111011111101011000101011111100100001110101100110000010100010111000
01101001110110110100001100011010010100110111010010010000100011110001000011100001000011001111011010010110011110110101100001011011011001110010011011000000001000000101100010100001011100101010100010000001
01110000000100101010111100111000101001010111011011110011001000100001011000100011001111011011000000001110100000111010110101100100010011100011100011000010001001101111101100011010101110100111011010001001
10101011011100001111111100001110010010110100011101110101111111011110001000001001111111110010101011000101111111001011110101000000010011100000110001110100010111011010100100011010011011101011110100001101
00000011001110000111001110111010000101111011110100010100000111111001110100101100101110111111010011111110110111001000111000101011101100010000111000100010011110000111111011000101010001110010010010011001
01010111000101110000111111011010101110011011111001111001001010000011011011101001111011101000111100110000010000001000000001100100101101110000100111100111001001111000110100011111000010111011110000100110
10010100110000010001011111111000011011011100001010100011000010111010010100010110100000001010111101110011000011000111111100001110111101001011001001101000110010011001011100110001111111001100100000000011
00001001001111110100101101001101110110001001111100001111000001100111111110100010001111010101110000001010000010000110110101001010001000001110100101010101000111001000000100100100110100000110110110000000
11101000100000110100011100101001010111011100011111100001100101011101111011100101011011111111011010101100111000010010111101001010100100010001001000000000011100100000001101010011110001100100011100110110
10101011001111011111100001101011101000111101111001100101101110110100100000001011000011101100011001010101111100110100110011110000011011111110010110011000011110010100010100101011110101100010001010000111
00010010100111010011010001010010001011101110100110111010101101011000110010110110011100010101000011111100001010111110000001110101001010011110100011011011100000010101010110100011100011011110100001110100
10001101010101001000111011000000100100111000001110001110100011000010110101011111011101110101100101010001000110001100110100110101001010010011101000110110101100000101000011110111000011001101011010001000
11010111111100000000000110100011000011000011100111111111111011011011101001000101011110110111100010010100111001000000010010111101110010011011000000010001101001111001100000000011111101011110001010110011
11000000011011101011101100111110101000110000111111100000010110001111000011101111010110011100010011001010101110110001000100100101101011101011110111000000110111111100101011100110001100001010110011100011
01101111101011110100100000001100001001001011001001011111000000101001101110101100010111010000101000110110100010110111101000000100001010101001011000101111111101100101001011010001101111001001001011001001
01000101010111001111110100110101100101110010011001101011111001011110010010010101100000001001001000100110010000001101111011100100101001111011001111011000001010100110011010110010011010000010111001000000
01110010011011010111011100101000100111110110001001100110011101101101110110100011010010011101001010001101111011010011010101010001110100111101001011000011011000101000101101110001100100111110101101001100
10011000110001010011111000101010010110110111001000011000001110100010100101011000100000111110010101101011110110101101001000110100111100101010110010111110110011100100010101101010111010110101001000111111
10101100011111010011000011010001110110100111011101110010110010110011010001110001000111000101110100001110110000111111111110111101110111101001101110011101100101010010101111110100110001101001100010000000
01010101001110010001101011111101001010010110000010111110010100000100001011110110111110100011001000001110000001101111101010110010110010101000100101110100000011000000110011001010010111100000010100011100
01100111111111001110101101111110100100010010011000010010111111101001010100100101101000100011010010001010000101100011001010111100111111000101000010111011010101100000011111100100101001110011100000101011
10000001001001000100101101011110100010111100000110011000110001001010001100001111100111110100111101110010101101000111000000001100011011110110101011111111001100111100100101110010100001101011011101100011
01111010110011111010011010010000010000101101001011101100010000101110000001010000111110110011101010111101001111111100111110101100000111110111010100100001000110011110111100111001011000010010111000011110
00000010101000000000101011001100101001111101010000110010101110110011001100101010111111011000001001110011000001000010010100000101100001101111000000101011011111001110011100101110111110110010110000001110
00101000001111010000111111100011000101110011001001011011000010100111011011101001000001001111101010101101100100100100101010000111101001110101100101010001001001010011111111011011111010110011110000100011
01111010000101110001101001001000000110010100011011101011010110101111011101010110101111010010101011111100110101010101001101001010000010010010001100101110011000110011000110111000101000100011010101010101
11010001100101110101001101110111110010100010010010100000101001100000110100101100110001000100010001011111101000000111111110010010100101111101111000111111011110101001001111001010010010000101001100000011
11100011001101000001011101001100110110010101001101101111010011111000110111010010000001100000111010110000110011001100111110001111011110010011000001110000000111000011011010010011111110010101001010100000
01000111011111001100100010110110001100011111110100100101111101010011010011010110100001110110101100100100101101011001111011111101010101101101001011011011011001011000011110000000101011001010000011010010
11101100001010000000001001001000011000101011100001100101100000110101011010010110111000000111010100111100010001110010101000101111111101001100010000101010010011010101000010000010101010111100111001101110
11001101111110111011000001110000000111100100111110000100011101001111001100101000100111000001110100100010001111001101100010010100101001010000010011111100101000011110111111111011011011001101101000001000
